-0.365994
-0.151257
-0.15968
-0.150482
-0.183162
-0.092792
-0.357982
-0.123971
-0.007684
-0.167486
-0.145877
-0.243706
-0.057795
-0.019106
-0.120332
-0.232567
-0.238218
-0.136004
0.010416
-0.244995
-0.262327
-0.261152
-0.32295
-0.079061
-0.339308
-0.172171
0.075385
-0.057056
-0.136366
-0.091543
-0.135983
-0.341046
-0.107765
-0.250441
-0.022784
-0.064416
-0.208296
-0.053676
0.175349
-0.185872
-0.155304
-0.15062
-0.178685
-0.144789
-0.076511
0.018968
-0.000872
0.041486
-0.180824
-0.03632
-0.375678
-0.066599
-0.139019
0.027303
-0.129168
0.137664
-0.229006
-0.235206
-0.128392
-0.01498
-0.012753
-0.153578
-0.079812
-0.222828
-0.059265
-0.210035
0.050155
-0.052001
-0.125449
-0.052858
0.006381
-0.231776
-0.215514
-0.024477
0.218499
-0.074529
0.206162
0.102531
0.26333
0.196487
0.158705
0.043522
0.175242
-0.046995
0.301089
0.115338
0.427041
0.253259
0.087708
0.252001
0.29437
0.223771
0.185051
0.040137
0.273289
0.379971
0.021033
-0.060666
-0.092769
-0.178383
0.026072
0.23758
0.480047
0.31267
0.407978
0.240404
0.16216
0.270317
0.441379
0.351026
0.419043
0.285851
0.342454
0.166021
0.217383
0.262427
0.114638
0.274342
0.222117
0.304321
0.358385
0.251143
0.28778
0.294415
0.167668
0.254081
0.466462
0.374787
0.436762
0.239181
0.407912
0.137529
0.317789
0.413099
0.322709
-0.283231
-0.011743
-0.426901
-0.195906
-0.179365
-0.272036
-0.182068
-0.176849
-0.144125
-0.190917
-0.195786
-0.269411
0.095475
-0.256435
-0.178393
-0.191968
0.01801
0.08448
0.056348
0.134787
-0.084507
0.074039
0.229804
0.092041
0.011662
0.284096
0.0041
0.051522
-0.010361
0.115365
0.234267
0.064497
0.314791
0.027361
0.048681
0.056642
0.027389
0.060562
0.073189
0.066828
0.221715
0.118515
-0.002809
0.065484
-0.031371
0.18071
-0.061354
-0.086773
-0.220154
-0.053438
0.289218
0.335939
0.03811
-0.000657
0.120102
-0.05926
0.00141
0.117682
0.134854
-0.124905
-0.020864
0.28262
-0.158972
0.096051
-0.094854
0.225543
0.35385
-0.01177
0.040858
0.015771
0.057046
0.188005
-0.011234
0.029403
-0.004875
-0.021881
0.088979
0.109189
-0.177548
0.176517
-0.106857
0.123824
-0.099406
0.018552
0.067985
0.185697
-0.025028
0.138755
0.232079
0.233193
0.015787
0.081835
0.103182
0.130546
0.184371
0.280687
0.046543
-0.050075
-0.213926
-0.073138
-0.027978
0.016066
-0.068079
0.02592
-0.020402
-0.149095
-0.218805
-0.139774
-0.233756
0.075281
-0.361252
-0.304848
-0.047941
0.096806
0.228154
0.12845
0.042587
-0.108936
0.223653
0.026928
0.128064
-0.032998
0.059598
0.149649
0.198658
0.004722
-0.158257
-0.01498
-0.088292
0.168512
-0.078754
0.095335
0.108302
0.053074
-0.778949
-0.016811
0.158348
0.158524
0.06474
0.058178
0.116047
0.111439
-0.064202
0.157956
-0.04035
-0.063818
0.162148
-0.027574
0.179524
0.119267
-0.058429
-0.010147
0.017118
0.127392
-0.354233
-0.041054
0.179892
0.098549
0.088392
0.186282
0.036781
-0.184558
-0.49203
-0.467176
-0.416873
-0.522518
-0.494973
-0.400975
-0.36752
-0.538918
-0.474176
-0.216632
0.008288
0.111332
0.053358
0.058721
0.093213
0.081072
-0.022419
0.032906
-0.054235
0.082461
-0.102961
0.077849
-0.194188
-0.066077
-0.003752
0.010317
0.077259
-0.057004
-0.073646
0.116045
0.036807
-0.03293
0.074298
0.040698
0.158567
0.038855
0.180312
0.139737
0.215625
0.093955
0.158263
0.226281
0.100021
0.115759
0.119857
0.097401
0.156685
0.017546
0.019851
-0.033218
0.077801
0.130513
0.17522
0.067278
0.090959
0.153628
0.108698
0.109334
0.099569
0.181887
0.157992
0.28841
0.137926
0.121662
0.122248
0.171002
0.164486
0.117804
0.14182
0.209722
-0.056698
-0.08742
-0.232572
0.139357
-0.090584
-0.147399
-0.08821
-0.188512
-0.136061
0.08554
-0.264535
0.109539
0
-0.086454
0.051017
0.040302
0.10947
0.031705
0.038782
-0.043571
-0.085872
-0.057021
0.088174
0.288128
0.047211
0.011004
-0.196357
0.042753
0.131091
0.013384
0.12553
0.151787
0.025988
0.09937
0.095491
0.00187
0.077248
0.148948
0.121059
0.085212
0.059136
0.025285
0.122372
-0.152819
-0.02108
0.050798
0.047481
-0.83326
0.117557
0.213323
0.110666
0.120942
0.049196
0.236711
0.077937
0.109651
0.480358
0.216135
0.172179
0.022197
0.224455
0.25728
0.280409
0.299033
0.380605
0.289044
0.154988
0.23156
0.280579
0.158401
0.123531
0.098579
0.069247
0.048858
0.327003
0.201698
0.035449
0.045444
-0.029299
0.134177
0.050119
0.223633
0.181042
0.242564
0.307205
0.150024
0.402664
0.263815
0.253773
0.170796
0.166851
0.218262
0.092701
-0.000213
0.106408
0.110286
0.140632
0.052618
0.047331
0.187921
0.094857
0.246001
0.124724
0.09338
0.054045
-0.128161
-0.059202
-0.145968
-0.046375
-0.001937
-0.104199
-0.099562
-0.041352
-0.066549
-0.026015
-0.280278
-0.035707
-0.023679
-0.035385
-0.189973
-0.05484
-0.106768
-0.02955
-0.063034
-0.117878
-0.079501
-0.176152
-0.274979
-0.244422
-0.135953
-0.176733
-0.477264
-0.465148
-0.217093
-0.254521
-0.349165
-0.21628
-0.234369
-0.326404
-0.000006
-0.328401
-0.175586
-0.354747
-0.394906
-0.04884
-0.194869
-0.367925
-0.343952
-0.460632
-0.651606
-0.202168
-0.223045
-0.266869
-0.418505
-0.395358
-0.475829
-0.028488
-0.188902
-0.478501
-0.115922
-0.341404
-0.143751
-0.126951
-0.265323
-0.362971
-0.476776
-0.049184
-0.06354
-0.289477
-0.367889
-0.433998
-0.467124
-0.236074
-0.312703
-0.042064
-0.320036
-0.41765
-0.003218
-0.062832
-0.18418
-0.01041
-0.235065
-0.019429
-0.185492
-0.054903
-0.05757
0.34782
0.09099
0.126697
0.040142
-0.142797
0.028432
-0.063857
-0.201464
0.063458
-0.007218
0.028696
-0.232815
-0.109651
0.030526
0.01149
0.058869
-0.004145
0.023113
0.092258
-0.039636
-0.033573
-0.100527
-0.045541
0.025344
0.034615
-0.030941
-0.144393
0.022297
0.046626
-0.155858
-0.292936
-0.280369
-0.444285
-0.102405
-0.120432
-0.035174
-0.256436
-0.208991
-0.351154
-0.211073
-0.173767
-0.234556
-0.012597
-0.188199
-0.215148
-0.157634
-0.058157
-0.41366
0.015785
-0.251586
-0.057612
-0.251659
-0.167755
-0.285481
-0.098634
-1.421917
-0.175959
-0.111269
-0.12095
-0.220341
-0.038948
-0.134063
-0.052171
-0.032683
0.149761
-0.067825
-0.280514
-0.16679
-0.133686
-0.047974
-0.077518
-0.203494
0.100657
-0.004503
0.120437
-0.134763
0.044767
-0.20289
-0.059333
-0.074324
-0.39813
-0.461291
-0.211471
0.09358
-0.354172
0.174671
-0.180717
-0.215604
-0.89739
-0.091207
-0.12839
-0.387279
-0.120457
-0.045554
-0.148195
-0.230189
0.257168
-0.192781
-0.097321
0.05019
-0.109883
0.255659
0.228799
-0.148613
-0.158914
-0.037809
-0.108988
-0.217873
-0.03444
-0.129472
0.032061
-0.408565
-0.052696
0.021528
0.403356
0.169744
0.154968
0.10044
0.034693
0.242532
0.166499
0.152978
0.032775
0.151904
0.226915
0.0287
0.219888
0.089998
0.242111
0.203106
0.132478
0.160875
0.074317
0.16265
0.121619
0.11916
0.049537
0.115113
0.103189
0.173907
0.221009
0.166689
0.087513
0.099853
0.182301
0.097395
0.171105
0.136916
-0.038998
0.003262
0.250817
0.171745
0.342969
0.239218
0.164262
0.053215
-0.227513
0.121668
-0.057877
0.187406
0.202523
-0.116269
0.146781
0.014078
0.289061
0.110652
0.221636
0.324437
0.073221
0.146277
0.034059
0.126605
0.087064
0.168813
0.228457
0.131829
0.125597
0.213239
0.040771
0.048033
0.137523
0.10569
0.250899
0.250834
0.311333
0.210322
0.171415
0.20192
-0.05017
0.049545
-0.31167
0.000858
0.04192
-0.08542
-0.024988
-0.110642
0.020523
-0.062172
-0.074423
0.01604
-0.017531
0.086638
0.100016
-0.027855
-0.204656
0.074376
0.176961
0.056759
-0.031167
0.085547
-0.197531
-0.224104
0.038015
0.012303
-0.11273
0.040687
-0.064956
-0.117183
0.259619
0.017454
0.089033
0.106339
0.062382
0.137622
-0.013177
-0.052096
0.0313
0.01737
-0.069487
-0.082471
-0.22111
-0.214273
0.060787
-0.026446
-0.125632
0.158572
0.070803
0.033015
-0.082367
0.017844
-0.031413
-0.053415
-0.090342
0.088055
-0.001345
0.144606
-0.19494
0.048967
-0.034509
0.160512
0.02589
-0.157355
-0.000001
-0.153034
0.09992
0.067461
0.009647
0.034324
-0.050964
-0.002344
0.034787
0.033753
0.04242
-0.121424
0.11233
-0.065063
-0.074346
-0.018242
0.11779
-0.016029
0.083124
0.088041
0.026571
-0.004856
-0.103249
0.249893
0.105161
0.174274
0.120325
-0.038011
0.169118
-0.0044
0.151982
-0.056269
0.154264
0.314753
0.428478
0.398859
0.291914
0.737934
0.073382
0.258876
0.145634
-0.272955
-0.216282
-0.12169
0.192934
0.023214
-0.014872
0.055472
0.016209
0.075902
-0.032315
0.00195
0.086383
-0.059824
-0.005784
0.161276
0.059464
-0.032089
0.142847
-0.191286
0.015034
-0.226881
-0.032396
-0.138409
-0.063561
-0.297464
-0.048441
-0.065644
-0.150435
-0.107335
-0.099318
-0.060685
-0.142359
-0.095025
-0.138459
0.017715
-0.073679
-0.01041
-0.144068
-0.08615
-0.058591
0.03404
-0.084107
-0.08735
-0.063535
0.043496
-0.129441
0.132349
-0.092452
-0.066369
-0.056997
0.265345
0.400619
0.201374
0.421941
0.273447
0.211979
0.377415
0.529633
0.668508
0.317901
0.429664
0.5387
0.543728
0.684986
0.482724
0.299254
0.384928
0.332371
0.329885
0.308156
0.430723
0.33378
0.230255
0.371593
0.426079
0.634697
0.409007
0.513728
0.647269
0.466059
0.315385
0.35729
0.405275
0.379817
0.404741
0.38426
0.47833
0.350268
0.328205
0.2657
0.162291
0.405898
0.437336
0.249895
0.437733
0.371602
0.496492
0.522352
0.573409
0.562267
0.7432
0.613085
0.670745
0.668741
0.836434
0.69063
0.583639
0.469098
0.815223
0.465095
0.610092
0.652673
0.815334
0.370948
0.388605
0.414686
0.545155
0.483943
1.15883
1.11998
1.204562
1.061876
1.267063
1.246164
1.303907
1.364113
1.251763
1.329082
1.306183
1.111501
1.313923
1.314354
1.211925
1.087711
0.860027
0.976325
1.082198
0.930003
0.964293
1.209596
0.858582
0.943233
0.91015
0.910736
0.86365
0.745862
0.675394
0.637865
0.795662
-0.104457
-0.084952
-0.171388
0.046769